13 20
100.0 400.0
50.0 50.0
1000.0 50.0
400.0 200.0
200.0 800.0
600.0 200.0
900.0 200.0
700.0 900.0
400.0 700.0
200.0 500.0
100.0 100.0
1000.0 1000.0
50.0 1000.0
100.0 400.0 -1 1 10 1 12 3 9 4 12 4 9 3 10 -1 1 10 1 12 3 9 4 12 4 9 3 10
50.0 50.0 -1 0 10 0 12 2 3 3 10 -1 0 10 0 12 2 3 3 10
1000.0 50.0 -1 1 3 3 5 5 6 6 11 -1 1 3 3 5 5 6 6 11
400.0 200.0 -1 0 9 1 2 2 5 8 9 5 8 1 10 0 10 -1 0 9 1 2 2 5 8 9 5 8 1 10 0 10
200.0 800.0 -1 0 12 7 12 7 8 0 9 8 9 -1 0 12 7 12 7 8 0 9 8 9
600.0 200.0 -1 3 2 3 8 2 6 6 7 7 8 -1 3 2 3 8 2 6 6 7 7 8
900.0 200.0 -1 5 2 5 7 2 11 7 11 -1 5 2 5 7 2 11 7 11
700.0 900.0 -1 5 6 4 12 5 8 4 8 6 11 11 12 -1 5 6 4 12 5 8 4 8 6 11 11 12
400.0 700.0 -1 3 9 3 5 5 7 7 4 4 9 -1 3 9 3 5 5 7 7 4 4 9
200.0 500.0 -1 0 3 3 8 4 0 8 4 -1 0 3 3 8 4 0 8 4
100.0 100.0 -1 0 1 1 3 3 0 -1 0 1 1 3 3 0
1000.0 1000.0 -1 6 2 7 6 7 12 -1 6 2 7 6 7 12
50.0 1000.0 -1 1 0 0 4 4 7 7 11 -1 1 0 0 4 4 7 7 11
